000000
000001
000002
000003
000004
000005
000006
000007
000008
000009
000010
000011
000012
000013
000014
000015
000016
000017
000018
000019
000020
000021
000022
000023
000024
000025
000027
000028
000029
000030
000031
000032
000033
000034
000035
000036
000037
000038
000039
000040
000041
000042
000043
000044
000045
000046
000047
000048
000049
000050
000051
000052
000053
000153
000421
000590
000707
000731
000811
000931
000953
000955
000985
001201
001209
001219
001231
001279
001318
001368
002022
002051
002137
002144
002159
002186
002248
002278
002322
002333
002347
002357
002365
002381
002393
002394
002566
002574
002585
002599
002722
002728
002813
002824
002852
002858
002864
002879
002903
002905
002913
003008
003017
600099
600202
600226
600241
600257
600287
600319
600351
600353
600444
600512
600538
600613
600628
600668
600692
600805
600838
600854
600880
601007
601133
601188
601599
601616
603029
603041
603073
603079
603080
603081
603089
603096
603101
603113
603136
603182
603183
603199
603214
603282
603331
603335
603357
603639
603689
603696
603709
603739
603909
603982
603987
605003
605033
605068
605089
605108
605122
605151
605268
