000000
000001
000002
000003
000004
000005
000006
000007
000008
000009
000010
000011
000012
000013
000014
000015
000016
000017
000018
000019
000020
000021
000022
000023
000024
000025
000026
000027
000028
000029
000034
000062
000407
000419
000421
000422
000505
000514
000548
000554
000571
000573
000733
000759
000812
000818
000833
000856
000953
000962
000970
001201
001206
001209
001219
001266
001296
001318
002025
002056
002057
002069
002086
002106
002119
002133
002137
002213
002286
002335
002347
002364
002367
002377
002378
002381
002387
002425
002432
002440
002457
002495
002522
002536
002549
002574
002576
002582
002623
002633
002654
002657
002661
002671
002679
002741
002780
002787
002790
002813
002852
002871
002879
002949
002957
002963
002990
002999
003018
003026
003037
003043
600051
600058
600063
600078
600099
600137
600152
600159
600172
600184
600202
600235
600287
600330
600345
600354
600358
600360
600371
600379
600448
600455
600458
600459
600470
600512
600516
600526
600531
600533
600545
600561
600579
600596
600613
600707
600716
600769
600807
600834
600843
600853
600854
600857
600888
600906
600962
601007
601188
601218
601636
601678
601696
603020
603022
603031
603037
603067
603078
603081
603101
603105
603117
603136
603176
603182
603183
603203
603225
603267
603283
603285
603289
603291
603313
603326
603329
603331
603357
603380
603381
603399
603458
603577
603588
603600
603628
603637
603639
603650
603661
603688
603696
603713
603725
603727
603738
603739
603768
603787
603797
603800
603810
603908
603909
603916
603950
603956
603982
605020
605033
605068
605111
605122
605178
605266
605268
605366
