000000
000001
000002
000003
000004
000005
000006
000007
000008
000009
000010
000011
000012
000013
000014
000015
000016
000017
000018
000019
000020
000021
000022
000023
000024
000025
000026
000027
000028
000029
000030
000031
000032
000033
000034
000035
000036
000037
000038
000039
000040
000041
000042
000043
000044
000045
000046
000047
000048
000049
000050
000051
000052
000053
000054
000055
000056
000057
000058
000529
000590
000619
000702
000705
000798
000823
000985
001219
001260
001277
001368
002133
002144
002159
002186
002205
002254
002330
002486
002524
002659
002679
002732
002741
002799
002817
002820
002836
002858
002968
002989
300030
300176
300220
300417
300519
300534
300535
300583
300640
300642
300653
300675
300732
300813
300886
300892
300929
301063
301065
301130
301166
301167
301229
301257
301258
301355
301366
301633
600051
600097
600099
600110
600186
600192
600202
600235
600257
600287
600353
600371
600419
600455
600493
600561
600661
600668
600671
600706
600774
600778
600793
600833
601007
601636
603002
603020
603022
603029
603073
603079
603089
603102
603117
603168
603182
603183
603208
603214
603238
603282
603324
603506
603618
603801
603810
603860
603900
603976
603982
605001
605006
605122
605567
688613
