000025
000029
000032
000034
000062
000070
000422
000506
000529
000534
000571
000590
000612
000619
000633
000700
000702
000705
000733
000737
000751
000758
000759
000777
000789
000791
000798
000823
000856
000920
000962
000970
000985
001206
001209
001219
001223
001231
001234
001239
001255
001256
001260
001266
001296
001299
001314
001326
001336
001360
001368
002056
002057
002068
002072
002106
002119
002129
002133
002137
002144
002194
002201
002205
002213
002245
002297
002330
002346
002363
002378
002392
002407
002432
002440
002446
002457
002515
002522
002536
002549
002552
002574
002580
002584
002631
002645
002655
002657
002659
002663
002669
002671
002674
002679
002700
002715
002730
002732
002734
002741
002743
002747
002787
002790
002799
002805
002817
002820
002836
002842
002858
002873
002879
002885
002897
002903
002913
002927
002931
002957
002963
002965
002968
002972
002989
002990
002999
003003
003004
003008
003009
003018
003026
003042
600051
600058
600063
600078
600097
600099
600114
600128
600141
600149
600172
600186
600192
600202
600235
600237
600257
600287
600354
600371
600444
600455
600493
600561
600661
600668
600692
600697
600706
600712
600778
600802
600831
600844
603017
603022
603028
603029
603041
603073
603079
603089
603101
603102
603117
603168
603182
603183
603214
603238
603331
603506
603709
603787
603801
603810
603860
603900
603909
603970
603982
605033
605122
605169
605567
