000000
000001
000002
000003
000004
000005
000006
000007
000008
000009
000010
000011
000012
000013
000014
000015
000016
000017
000018
000019
000020
000021
000022
000023
000024
000025
000026
000027
000028
000029
000030
000031
000032
000033
000034
000035
000036
000037
000038
000039
000040
000041
000042
000043
000044
000045
000046
000047
000048
000049
000050
000051
000052
000053
000054
000529
000590
000619
000702
000705
000733
000798
000811
000970
000985
001219
001223
001231
001256
001260
001277
001299
001326
001360
001368
001696
002046
002119
002125
002133
002144
002167
002194
002205
002297
002330
002432
002491
002494
002515
002524
002575
002645
002659
002674
002679
002732
002733
002745
002787
002799
002805
002813
002817
002820
002824
002836
002859
002885
002903
002913
002927
002931
002957
002960
002965
002968
002989
002990
003004
003018
003026
003043
300030
300176
300179
300220
300417
300500
300519
300522
300534
300535
300583
300640
300642
300675
300726
300732
300824
300886
300892
300929
300937
300958
301013
301063
301065
301126
301130
301166
301167
301258
301296
301566
301580
301633
600051
600063
600097
600099
600128
600198
600206
600226
600234
600235
600246
600257
600287
600301
600330
600345
600371
600397
600419
600444
600455
600493
600520
600545
600561
600579
600661
600667
600668
600697
600706
600712
600769
600774
600778
600793
600833
600851
600857
600888
601137
603001
603014
603020
603022
603029
603032
603039
603073
603078
603079
603102
603117
603166
603168
603182
603183
603211
603214
603223
603238
603267
603303
603318
603324
603353
603458
603500
603506
603738
603800
603801
603806
603810
603860
603886
603900
603936
603950
603970
603982
603992
605111
605122
605298
605303
605566
605567
605588
688010
688466
688478
688598
688681
688701
