000000
000001
000002
000003
000004
000005
000006
000007
000008
000009
000010
000011
000012
000013
000014
000015
000016
000017
000018
000019
000020
000153
000548
000590
000705
000777
000811
000823
000931
000985
001201
001202
001209
001231
001260
001318
001368
002144
002394
002524
002679
002813
002852
002989
003017
300030
300110
300176
300272
300434
300452
300509
300519
300535
300583
300639
300640
300683
300729
300788
300813
300858
300886
300899
300915
300937
300981
301049
301063
301065
301088
301089
301257
301366
301390
600051
600099
600192
600232
600235
600257
600287
600397
600455
600512
600579
600613
600668
600807
600833
601007
601636
603020
603023
603059
603062
603079
603101
603117
603167
603183
603282
603309
603313
603324
603326
603329
603351
603458
603558
603600
603639
603909
603976
603982
603987
605003
605122
605151
605268
688013
688021
688067
688137
688338
688356
688420
688426
688466
688468
688613
688670
688687
688701
