000000
000001
000002
000003
000004
000005
000006
000007
000008
000009
000010
000011
000012
000013
000014
000015
000016
000017
000018
000019
000020
000021
000022
000023
000025
000029
000062
000070
000548
000554
000565
000571
000700
000715
000751
000890
000906
000910
000920
000962
000978
001206
001209
001219
001223
001234
001239
001256
001260
001266
001299
001314
001333
001360
001368
002056
002068
002072
002178
002201
002245
002259
002278
002297
002313
002346
002392
002407
002440
002457
002515
002522
002536
002549
002580
002582
002584
002591
002599
002623
002631
002652
002655
002657
002671
002674
002686
002715
002734
002747
002790
002800
002802
002805
002813
002825
002879
002890
002903
002913
002949
002963
002965
002972
002990
002999
003004
003018
003027
600099
600114
600128
600149
600186
600235
600246
600249
600287
600345
600358
600360
600386
600455
600470
600516
600520
600551
600552
600579
600641
600668
600707
600719
600769
600831
600844
600851
600853
600857
600883
600906
600961
600969
600992
601007
601137
601218
601616
603007
603014
603017
603022
603028
603030
603037
603041
603062
603067
603070
603076
603081
603082
603089
603095
603101
603105
603139
603167
603178
603182
603183
603190
603201
603211
603215
603221
603239
603283
603289
603318
603326
603331
603332
603357
603373
603381
603390
603458
603535
603558
603578
603585
603588
603633
603639
603669
603709
603727
603738
603757
603787
603788
603886
603890
603900
603909
603916
603950
603967
603976
603992
603995
603999
605068
605111
605138
605167
605169
605189
605268
605288
605298
605377
605580
