000000
000001
000002
000003
000004
000005
000006
000007
000008
000009
000010
000011
000012
000013
000014
000015
000016
000017
000018
000019
000020
000021
000022
000023
000024
000025
000026
000027
000028
000029
000030
000031
000032
000033
000034
000035
000036
000037
000038
000039
000040
000041
000042
000043
000044
000045
000046
000047
000048
000049
000050
000051
000052
000053
000054
000055
000056
000057
000058
000059
000060
000061
000062
000063
000064
000065
000066
000067
000068
000069
000070
000071
000072
000073
000074
000075
000076
000077
000078
000079
000080
000081
000082
000083
000084
000085
000086
000087
000088
000089
000090
000091
000092
000093
000094
000095
000096
000097
000098
000099
000100
000101
000102
000103
000104
000529
000548
000551
000571
000590
000619
000633
000702
000705
000733
000789
000798
000833
000856
000953
000962
000970
000985
001202
001206
001209
001219
001222
001231
001255
001256
001260
001266
001318
001326
001368
002025
002056
002057
002106
002119
002133
002144
002205
002330
002335
002337
002364
002367
002378
002381
002387
002432
002457
002494
002495
002515
002522
002536
002549
002574
002631
002643
002654
002655
002659
002671
002679
002732
002743
002787
002790
002799
002813
002817
002820
002836
002858
002871
002876
002879
002949
002957
002962
002963
002965
002968
002972
002990
003003
003004
003008
003018
003026
600051
600058
600063
600078
600097
600099
600128
600137
600172
600184
600186
600202
600235
600257
600287
600330
600354
600360
600371
600379
600444
600455
600493
600516
600520
600531
600545
600561
600579
600596
600641
600661
600689
600692
600697
600706
600707
600712
600769
600778
600802
600833
600843
600857
600883
600888
600906
600961
600962
601133
601636
601678
601696
603001
603020
603022
603029
603041
603067
603073
603078
603079
603086
603089
603102
603117
603139
603168
603176
603182
603183
603203
603214
603225
603238
603267
603283
603380
603458
603506
603588
603637
603650
603661
603669
603687
603688
603698
603713
603725
603738
603787
603800
603801
603810
603860
603900
603908
603909
603916
603970
603977
603982
605020
605033
605111
605122
605178
605366
605567
