000000
000001
000002
000003
000004
000005
000006
000007
000008
000009
000010
000011
000012
000013
000034
000062
000070
000159
000421
000422
000554
000565
000570
000612
000733
000737
000751
000856
000890
000906
000910
000962
000978
001201
001206
001209
001219
001223
001234
001260
001314
001318
001333
001336
002068
002119
002201
002259
002274
002297
002313
002322
002346
002364
002367
002377
002378
002392
002440
002479
002515
002520
002536
002549
002556
002580
002584
002591
002623
002631
002643
002652
002655
002671
002674
002686
002715
002734
002763
002780
002787
002800
002802
002805
002813
002825
002852
002876
002879
002897
002903
002913
002917
002931
002957
002963
002965
002972
002976
002989
002990
002999
003001
003018
003026
003027
003042
003043
600078
600099
600114
600149
600172
600235
600237
600287
600330
600358
600359
600379
600386
600455
600531
600551
600589
600596
600641
600668
600834
600851
600853
600854
600857
600888
600961
600969
600992
601007
601020
601133
601137
601218
601678
603001
603017
603020
603028
603032
603037
603040
603059
603062
603067
603076
603078
603081
603082
603095
603101
603105
603136
603167
603178
603190
603203
603215
603221
603225
603237
603267
603283
603285
603289
603320
603331
603332
603357
603373
603380
603390
603399
603558
603578
603585
603588
603600
603637
603639
603650
603669
603709
603739
603787
603788
603800
603890
603909
603916
603920
603976
603982
603999
605020
605033
605068
605111
605169
605178
605189
605268
605298
605366
605377
605580
