000000
000001
000002
000003
000004
000005
000006
000007
000008
000009
000010
000011
000012
000013
000014
000015
000016
000017
000018
000019
000020
000022
000023
000024
000025
000026
000027
000028
000029
000030
000031
000032
000033
000034
000035
000036
000037
000038
000153
000421
000529
000590
000702
000707
000721
000731
000798
000897
000931
000970
000985
001201
001209
001219
001277
001318
001368
002022
002035
002051
002069
002186
002194
002209
002228
002322
002377
002394
002425
002515
002556
002574
002585
002633
002659
002679
002700
002735
002741
002780
002813
002824
002836
002852
002858
002905
002990
003017
600051
600099
600110
600186
600206
600232
600241
600257
600262
600283
600287
600327
600353
600354
600419
600444
600458
600500
600512
600613
600616
600628
600653
600668
600689
600692
600834
600838
600854
600880
600888
600960
601007
601636
601956
603002
603059
603062
603078
603079
603101
603113
603117
603151
603166
603182
603183
603199
603214
603309
603313
603318
603326
603357
603600
603618
603628
603639
603696
603709
603739
603797
603817
603909
603982
603987
605003
605006
605033
605108
605122
605151
605268
605588
